$by.self
                    self.time self.pct total.time total.pct
WIND20                   2.02    26.23       2.72     35.32
ls                       0.56     7.27       0.62      8.05
.identC                  0.40     5.19       0.40      5.19
loadMethod               0.36     4.68       0.50      6.49
.getClassFromCache       0.32     4.16       0.32      4.16
>=                       0.22     2.86       0.22      2.86
match                    0.18     2.34       0.86     11.17
possibleExtends          0.18     2.34       0.42      5.45
slot<-                   0.14     1.82       1.44     18.70
<=                       0.14     1.82       0.14      1.82
assign                   0.14     1.82       0.14      1.82
.local                   0.12     1.56       4.00     51.95
==                       0.12     1.56       0.12      1.56
checkSlotAssignment      0.10     1.30       1.30     16.88
getClassDef              0.10     1.30       0.34      4.42
validObject              0.08     1.04       1.76     22.86
@<-                      0.08     1.04       1.50     19.48
res                      0.08     1.04       0.18      2.34
tryCatchOne              0.08     1.04       0.18      2.34
tryCatch                 0.06     0.78       0.32      4.16
tryCatchList             0.06     0.78       0.24      3.12
paste                    0.06     0.78       0.14      1.82
doTryCatch               0.06     0.78       0.10      1.30
-                        0.06     0.78       0.06      0.78
.cacheGenericTable       0.06     0.78       0.06      0.78
+                        0.06     0.78       0.06      0.78
gsub                     0.06     0.78       0.06      0.78
pmatch                   0.06     0.78       0.06      0.78
rev                      0.06     0.78       0.06      0.78
initialize               0.04     0.52       1.80     23.38
extent                   0.04     0.52       1.20     15.58
standardGeneric          0.04     0.52       1.08     14.03
names<-                  0.04     0.52       0.82     10.65
.requirePackage          0.04     0.52       0.76      9.87
isTRUE                   0.04     0.52       0.54      7.01
unlist                   0.04     0.52       0.18      2.34
.deparseOpts             0.04     0.52       0.10      1.30
getValues                0.04     0.52       0.10      1.30
format                   0.04     0.52       0.08      1.04
array                    0.04     0.52       0.06      0.78
GROW_FP21                0.04     0.52       0.06      0.78
matrix                   0.04     0.52       0.06      0.78
&                        0.04     0.52       0.04      0.52
(                        0.04     0.52       0.04      0.52
*                        0.04     0.52       0.04      0.52
as.integer               0.04     0.52       0.04      0.52
c                        0.04     0.52       0.04      0.52
exists                   0.04     0.52       0.04      0.52
packageSlot              0.04     0.52       0.04      0.52
parent.frame             0.04     0.52       0.04      0.52
MOVE21                   0.02     0.26       4.92     63.90
anyStrings               0.02     0.26       1.12     14.55
.classEnv                0.02     0.26       0.84     10.91
all.equal                0.02     0.26       0.50      6.49
setMinMax                0.02     0.26       0.50      6.49
.quickCoerceSelect       0.02     0.26       0.34      4.42
projection<-             0.02     0.26       0.28      3.64
match.arg                0.02     0.26       0.22      2.86
xmax                     0.02     0.26       0.22      2.86
eval                     0.02     0.26       0.20      2.60
sort                     0.02     0.26       0.16      2.08
.getGeneric              0.02     0.26       0.14      1.82
deparse                  0.02     0.26       0.14      1.82
factor                   0.02     0.26       0.12      1.56
.cacheGeneric            0.02     0.26       0.08      1.04
as.vector                0.02     0.26       0.08      1.04
elNamed                  0.02     0.26       0.06      0.78
nrow                     0.02     0.26       0.06      0.78
sort.list                0.02     0.26       0.06      0.78
format.default           0.02     0.26       0.04      0.52
nlayers                  0.02     0.26       0.04      0.52
substring                0.02     0.26       0.04      0.52
t                        0.02     0.26       0.04      0.52
unique                   0.02     0.26       0.04      0.52
.class1                  0.02     0.26       0.02      0.26
.hasSlot                 0.02     0.26       0.02      0.26
character                0.02     0.26       0.02      0.26
el                       0.02     0.26       0.02      0.26
environment              0.02     0.26       0.02      0.26
get                      0.02     0.26       0.02      0.26
getNamespace             0.02     0.26       0.02      0.26
inMemory                 0.02     0.26       0.02      0.26
make.names               0.02     0.26       0.02      0.26
match.fun                0.02     0.26       0.02      0.26
mean.default             0.02     0.26       0.02      0.26
mode                     0.02     0.26       0.02      0.26
ncell                    0.02     0.26       0.02      0.26
options                  0.02     0.26       0.02      0.26
slot                     0.02     0.26       0.02      0.26
substr                   0.02     0.26       0.02      0.26
unique.default           0.02     0.26       0.02      0.26
xres                     0.02     0.26       0.02      0.26

$by.total
                    total.time total.pct self.time self.pct
STEP21                    7.70    100.00      0.00     0.00
testfunction              7.70    100.00      0.00     0.00
FUN                       6.74     87.53      0.00     0.00
lapply                    6.74     87.53      0.00     0.00
MOVE21                    4.92     63.90      0.02     0.26
.local                    4.00     51.95      0.12     1.56
WIND20                    2.72     35.32      2.02    26.23
raster                    2.64     34.29      0.00     0.00
focal                     2.44     31.69      0.00     0.00
new                       1.82     23.64      0.00     0.00
initialize                1.80     23.38      0.04     0.52
validObject               1.76     22.86      0.08     1.04
@<-                       1.50     19.48      0.08     1.04
slot<-                    1.44     18.70      0.14     1.82
checkSlotAssignment       1.30     16.88      0.10     1.30
extent                    1.20     15.58      0.04     0.52
anyStrings                1.12     14.55      0.02     0.26
validityMethod            1.12     14.55      0.00     0.00
standardGeneric           1.08     14.03      0.04     0.52
as                        1.02     13.25      0.00     0.00
setValues                 0.98     12.73      0.00     0.00
match                     0.86     11.17      0.18     2.34
.classEnv                 0.84     10.91      0.02     0.26
